1	 -113.68	 0.42112	     AF3
2	 -65.323	 0.42002	     AF4
3	 -128.65	 0.53821	     AF7
4	 -51.331	 0.53819	     AF8
5	 -98.083	 0.44858	    AFp1
6	 -81.077	 0.44509	    AFp2
7	  164.56	 0.12601	      C1
8	  14.331	 0.13188	      C2
9	  169.91	 0.25493	      C3
10	  9.2246	 0.26068	      C4
11	  170.27	 0.39057	      C5
12	  8.7039	 0.39398	      C6
13	  142.27	 0.14986	    CCP1
14	  36.218	 0.15391	    CCP2
15	  156.11	 0.26479	    CCP3
16	  22.585	 0.26841	    CCP4
17	  159.69	 0.39335	    CCP5
18	   19.16	 0.39426	    CCP6
19	   126.9	 0.18294	     CP1
20	  50.806	 0.18784	     CP2
21	  143.51	 0.27946	     CP3
22	  34.997	 0.28397	     CP4
23	  149.68	 0.39692	     CP5
24	  28.955	  0.3992	     CP6
25	  89.533	 0.14139	     CPz
26	  87.496	0.029055	      Cz
27	 -115.78	 0.25742	      F1
28	  -62.87	 0.26327	      F2
29	 -133.41	 0.33339	      F3
30	 -46.332	 0.34149	      F4
31	 -143.31	 0.43397	      F5
32	 -36.268	 0.43891	      F6
33	 -148.85	 0.54399	      F7
34	 -31.306	 0.54439	      F8
35	 -142.63	 0.15657	     FC1
36	 -37.237	 0.16113	     FC2
37	 -159.32	 0.27328	     FC3
38	 -20.848	 0.27863	     FC4
39	 -166.43	 0.40492	     FC5
40	 -14.072	  0.4078	     FC6
41	 -89.213	0.095376	     FCz
42	 -125.86	  0.2021	    FFC1
43	 -52.859	 0.20761	    FFC2
44	 -145.31	  0.2989	    FFC3
45	 -34.723	  0.3061	    FFC4
46	 -154.62	 0.41747	    FFC5
47	 -25.553	 0.42273	    FFC6
48	 -9.6914	  0.6702	    FT10
49	 -170.08	 0.54296	     FT7
50	 -10.671	 0.54305	     FT8
51	 -170.17	 0.66991	     FT9
52	 -109.33	 0.52497	     Fp1
53	 -70.615	 0.52499	     Fp2
54	 -89.927	 0.50618	     Fpz
55	 -89.694	 0.22978	      Fz
56	  104.59	 0.57702	      I1
57	   75.41	 0.57732	      I2
58	  104.66	 0.47584	      O1
59	    75.1	 0.47591	      O2
60	  89.946	 0.45961	      Oz
61	  109.57	 0.26981	      P1
62	  45.191	 0.61923	     P10
63	  68.368	 0.26921	      P2
64	  123.93	 0.33054	      P3
65	  54.679	 0.33093	      P4
66	  131.41	 0.41338	      P5
67	  48.191	 0.41432	      P6
68	   134.6	 0.50767	      P7
69	  45.005	 0.50782	      P8
70	   134.7	 0.61975	      P9
71	  100.56	 0.36553	     PO1
72	  78.951	 0.36611	     PO2
73	   109.9	 0.39382	     PO3
74	  69.962	 0.39595	     PO4
75	  119.35	 0.49206	     PO7
76	  60.308	 0.49227	     PO8
77	  89.879	 0.35362	     POz
78	  126.83	  0.4999	    PPO7
79	  52.835	 0.50003	    PPO8
80	  89.771	 0.24709	      Pz
81	  169.22	 0.53459	      T7
82	  10.012	 0.53482	      T8
83	  151.52	 0.52323	     TP7
84	   28.03	 0.52338	     TP8
